47 42 42 9 84 104 105 115 32 112 114 111 103 114 97 109 32 100 101 109 111 110 115 116 114 97 116 101 115 32 97 32 115 105 109 112 108 101 32 101 120 97 109 112 108 101 32 111 110 32 115 99 97 112 101 32 99 104 97 114 97 99 116 101 114 115 46 
9 99 104 101 99 107 32 116 104 101 32 108 105 110 107 32 98 101 108 108 111 119 32 102 111 114 32 109 111 114 101 32 100 101 116 97 105 108 115 58 
9 104 116 116 112 115 58 47 47 115 116 97 99 107 111 118 101 114 102 108 111 119 46 99 111 109 47 113 117 101 115 116 105 111 110 115 47 49 51 54 55 51 50 50 47 119 104 97 116 45 97 114 101 45 97 108 108 45 116 104 101 45 101 115 99 97 112 101 45 99 104 97 114 97 99 116 101 114 115 
42 42 42 42 42 47 
112 117 98 108 105 99 32 99 108 97 115 115 32 74 97 118 97 48 48 48 
123 
9 112 117 98 108 105 99 32 115 116 97 116 105 99 32 118 111 105 100 32 109 97 105 110 40 83 116 114 105 110 103 91 93 32 97 114 103 115 41 
9 123 
9 9 83 121 115 116 101 109 46 111 117 116 46 112 114 105 110 116 108 110 40 34 92 92 92 34 72 101 108 108 111 32 92 110 32 87 111 114 108 100 33 92 34 92 92 34 41 59 
9 125 
125 
