105 109 112 111 114 116 32 106 97 118 97 46 117 116 105 108 46 83 99 97 110 110 101 114 59 

112 117 98 108 105 99 32 99 108 97 115 115 32 74 97 118 97 48 48 49 
123 
9 112 117 98 108 105 99 32 115 116 97 116 105 99 32 118 111 105 100 32 109 97 105 110 40 83 116 114 105 110 103 91 93 32 97 114 103 115 41 
9 123 
9 9 83 99 97 110 110 101 114 32 115 99 97 110 32 61 32 110 101 119 32 83 99 97 110 110 101 114 40 83 121 115 116 101 109 46 105 110 41 59 
9 9 
9 9 83 121 115 116 101 109 46 111 117 116 46 112 114 105 110 116 108 110 40 34 80 108 101 97 115 101 32 101 110 116 101 114 32 121 111 117 114 32 102 117 108 108 32 110 97 109 101 34 41 59 
9 9 83 121 115 116 101 109 46 111 117 116 46 112 114 105 110 116 40 34 40 102 111 114 32 101 120 97 109 112 108 101 58 32 83 112 101 101 100 121 32 71 111 110 122 97 108 101 122 41 58 32 34 41 59 
9 9 83 116 114 105 110 103 32 102 117 108 108 78 97 109 101 32 61 32 115 99 97 110 46 110 101 120 116 76 105 110 101 40 41 59 
9 9 83 121 115 116 101 109 46 111 117 116 46 112 114 105 110 116 108 110 40 34 89 111 117 32 101 110 116 101 114 101 100 32 92 34 34 32 43 32 102 117 108 108 78 97 109 101 32 43 32 34 92 34 92 110 34 41 59 
9 9 
9 9 83 121 115 116 101 109 46 111 117 116 46 112 114 105 110 116 40 34 69 110 116 101 114 32 121 111 117 114 32 97 103 101 58 32 34 41 59 
9 9 105 110 116 32 97 103 101 32 61 32 115 99 97 110 46 110 101 120 116 73 110 116 40 41 59 47 47 115 99 97 110 115 32 111 110 32 116 104 101 32 115 97 109 101 32 108 105 110 101 32 97 110 100 32 115 116 97 121 115 32 116 104 101 114 101 32 119 97 105 116 105 110 103 32 102 111 114 32 97 32 110 101 120 116 32 99 97 108 108 
9 9 115 99 97 110 46 110 101 120 116 76 105 110 101 40 41 59 47 47 102 105 110 105 115 104 101 115 32 116 104 101 32 112 114 101 118 105 101 119 115 32 99 97 108 108 32 97 110 100 32 103 101 116 32 114 101 97 100 121 32 116 111 32 103 101 116 32 110 101 119 32 105 110 112 117 116 
9 9 83 121 115 116 101 109 46 111 117 116 46 112 114 105 110 116 108 110 40 34 89 111 117 32 101 110 116 101 114 101 100 32 92 34 34 32 43 32 97 103 101 32 43 32 34 92 34 92 110 34 41 59 
9 9 
9 9 83 121 115 116 101 109 46 111 117 116 46 112 114 105 110 116 40 34 69 110 116 101 114 32 116 104 101 32 116 105 116 108 101 32 111 102 32 121 111 117 114 32 97 32 98 111 111 107 58 32 34 41 59 
9 9 83 116 114 105 110 103 32 98 111 111 107 84 105 116 108 101 32 61 32 115 99 97 110 46 110 101 120 116 76 105 110 101 40 41 59 
9 9 83 121 115 116 101 109 46 111 117 116 46 112 114 105 110 116 108 110 40 34 89 111 117 32 101 110 116 101 114 101 100 32 92 34 34 32 43 32 98 111 111 107 84 105 116 108 101 32 43 32 34 92 34 92 110 34 41 59 
9 9 
9 9 83 121 115 116 101 109 46 111 117 116 46 112 114 105 110 116 40 34 69 110 116 101 114 32 97 32 100 101 99 105 109 97 108 32 110 117 109 98 101 114 58 32 34 41 59 
9 9 83 121 115 116 101 109 46 111 117 116 46 112 114 105 110 116 40 34 40 102 111 114 32 101 120 97 109 112 108 101 58 32 49 46 53 41 58 32 34 41 59 
9 9 100 111 117 98 108 101 32 97 68 101 99 105 109 97 108 32 61 32 115 99 97 110 46 110 101 120 116 68 111 117 98 108 101 40 41 59 47 47 115 99 97 110 115 32 111 110 32 116 104 101 32 115 97 109 101 32 108 105 110 101 32 97 110 100 32 115 116 97 121 115 32 116 104 101 114 101 32 119 97 105 116 105 110 103 32 102 111 114 32 97 32 110 101 120 116 32 99 97 108 108 
9 9 115 99 97 110 46 110 101 120 116 76 105 110 101 40 41 59 47 47 102 105 110 105 115 104 101 115 32 116 104 101 32 112 114 101 118 105 101 119 115 32 99 97 108 108 32 97 110 100 32 103 101 116 32 114 101 97 100 121 32 116 111 32 103 101 116 32 110 101 119 32 105 110 112 117 116 
9 9 83 121 115 116 101 109 46 111 117 116 46 112 114 105 110 116 108 110 40 34 89 111 117 32 101 110 116 101 114 101 100 32 92 34 34 32 43 32 97 68 101 99 105 109 97 108 32 43 32 34 92 34 92 110 34 41 59 
9 9 
9 9 83 121 115 116 101 109 46 111 117 116 46 112 114 105 110 116 108 110 40 34 69 110 116 101 114 32 102 111 117 114 32 119 111 114 100 115 32 40 115 101 112 97 114 97 116 101 100 32 119 105 116 104 32 115 112 97 99 101 115 41 58 32 34 41 59 
9 9 83 116 114 105 110 103 32 119 111 114 100 49 32 61 32 115 99 97 110 46 110 101 120 116 40 41 59 47 47 115 99 97 110 115 32 111 110 32 116 104 101 32 115 97 109 101 32 108 105 110 101 32 97 110 100 32 115 116 97 121 115 32 116 104 101 114 101 32 119 97 105 116 105 110 103 32 102 111 114 32 97 32 110 101 120 116 32 99 97 108 108 
9 9 83 116 114 105 110 103 32 119 111 114 100 50 32 61 32 115 99 97 110 46 110 101 120 116 40 41 59 47 47 115 99 97 110 115 32 111 110 32 116 104 101 32 115 97 109 101 32 108 105 110 101 32 97 110 100 32 115 116 97 121 115 32 116 104 101 114 101 32 119 97 105 116 105 110 103 32 102 111 114 32 97 32 110 101 120 116 32 99 97 108 108 
9 9 83 116 114 105 110 103 32 119 111 114 100 51 32 61 32 115 99 97 110 46 110 101 120 116 40 41 59 47 47 115 99 97 110 115 32 111 110 32 116 104 101 32 115 97 109 101 32 108 105 110 101 32 97 110 100 32 115 116 97 121 115 32 116 104 101 114 101 32 119 97 105 116 105 110 103 32 102 111 114 32 97 32 110 101 120 116 32 99 97 108 108 
9 9 83 116 114 105 110 103 32 119 111 114 100 52 32 61 32 115 99 97 110 46 110 101 120 116 40 41 59 47 47 115 99 97 110 115 32 111 110 32 116 104 101 32 115 97 109 101 32 108 105 110 101 32 97 110 100 32 115 116 97 121 115 32 116 104 101 114 101 32 119 97 105 116 105 110 103 32 102 111 114 32 97 32 110 101 120 116 32 99 97 108 108 
9 9 115 99 97 110 46 110 101 120 116 76 105 110 101 40 41 59 47 47 102 105 110 105 115 104 101 115 32 116 104 101 32 112 114 101 118 105 101 119 115 32 99 97 108 108 32 97 110 100 32 103 101 116 32 114 101 97 100 121 32 116 111 32 103 101 116 32 110 101 119 32 105 110 112 117 116 
9 9 
9 9 83 121 115 116 101 109 46 111 117 116 46 112 114 105 110 116 108 110 40 34 89 111 117 32 101 110 116 101 114 101 100 58 32 34 41 59 
9 9 83 121 115 116 101 109 46 111 117 116 46 112 114 105 110 116 108 110 40 34 92 34 34 32 43 32 119 111 114 100 49 32 43 32 34 92 34 34 41 59 
9 9 83 121 115 116 101 109 46 111 117 116 46 112 114 105 110 116 108 110 40 34 92 34 34 32 43 32 119 111 114 100 50 32 43 32 34 92 34 34 41 59 
9 9 83 121 115 116 101 109 46 111 117 116 46 112 114 105 110 116 108 110 40 34 92 34 34 32 43 32 119 111 114 100 51 32 43 32 34 92 34 34 41 59 
9 9 83 121 115 116 101 109 46 111 117 116 46 112 114 105 110 116 108 110 40 34 92 34 34 32 43 32 119 111 114 100 52 32 43 32 34 92 34 34 41 59 
9 9 
9 9 83 121 115 116 101 109 46 111 117 116 46 112 114 105 110 116 108 110 40 34 92 110 69 110 100 32 111 102 32 116 104 101 32 112 114 111 103 114 97 109 33 34 41 59 
9 9 
9 9 115 99 97 110 46 99 108 111 115 101 40 41 59 
9 125 
125 
