47 42 72 73 68 69 42 47 
105 109 112 111 114 116 32 106 97 118 97 46 117 116 105 108 46 83 99 97 110 110 101 114 59 

112 117 98 108 105 99 32 99 108 97 115 115 32 74 97 118 97 48 48 51 
123 
9 112 117 98 108 105 99 32 115 116 97 116 105 99 32 118 111 105 100 32 109 97 105 110 40 83 116 114 105 110 103 91 93 32 97 114 103 115 41 
9 123 
9 9 83 99 97 110 110 101 114 32 115 99 97 110 32 61 32 110 101 119 32 83 99 97 110 110 101 114 40 83 121 115 116 101 109 46 105 110 41 59 
9 9 83 116 114 105 110 103 32 102 105 114 115 116 83 116 114 105 110 103 32 61 32 34 34 59 
9 9 83 116 114 105 110 103 32 115 116 114 105 110 103 78 97 109 101 32 61 32 34 34 59 
9 9 83 116 114 105 110 103 32 110 97 109 101 82 101 118 101 114 101 100 32 61 32 34 34 59 
9 9 105 110 116 32 115 116 114 76 101 110 103 116 104 32 61 32 48 59 
9 9 105 110 116 32 105 110 100 101 120 61 48 59 
9 9 83 121 115 116 101 109 46 111 117 116 46 112 114 105 110 116 108 110 40 34 61 61 61 61 32 83 116 114 105 110 103 32 61 61 61 61 34 41 59 
9 9 83 121 115 116 101 109 46 111 117 116 46 112 114 105 110 116 40 34 69 110 116 101 114 32 97 32 83 116 114 105 110 103 58 32 34 41 59 
9 9 
9 9 102 105 114 115 116 83 116 114 105 110 103 32 61 32 115 99 97 110 46 110 101 120 116 76 105 110 101 40 41 59 
9 9 115 116 114 76 101 110 103 116 104 32 61 32 102 105 114 115 116 83 116 114 105 110 103 46 108 101 110 103 116 104 40 41 59 
9 9 
9 9 83 121 115 116 101 109 46 111 117 116 46 112 114 105 110 116 108 110 40 34 89 111 117 32 101 110 116 101 114 101 100 58 32 92 34 34 32 43 32 102 105 114 115 116 83 116 114 105 110 103 32 43 32 34 92 34 34 41 59 
9 9 83 121 115 116 101 109 46 111 117 116 46 112 114 105 110 116 108 110 40 102 105 114 115 116 83 116 114 105 110 103 32 43 32 34 32 104 97 115 32 97 32 108 101 110 103 116 104 32 111 102 32 34 32 43 32 115 116 114 76 101 110 103 116 104 32 43 32 34 32 99 104 97 114 97 99 116 101 114 115 46 34 32 41 59 
9 9 
9 9 102 111 114 32 40 105 110 116 32 105 32 61 32 48 59 32 105 32 60 32 115 116 114 76 101 110 103 116 104 59 32 105 43 43 41 
9 9 123 
9 9 9 83 121 115 116 101 109 46 111 117 116 46 112 114 105 110 116 108 110 40 34 105 110 100 101 120 32 91 34 32 43 32 105 32 43 32 34 93 32 99 111 110 116 97 105 110 115 32 39 34 32 43 32 102 105 114 115 116 83 116 114 105 110 103 46 99 104 97 114 65 116 40 105 41 32 43 32 34 39 34 41 59 
9 9 125 
9 9 
9 9 83 121 115 116 101 109 46 111 117 116 46 112 114 105 110 116 108 110 40 34 69 110 116 101 114 32 97 110 32 105 110 100 101 120 32 102 114 111 109 32 48 32 116 111 32 34 32 43 32 40 115 116 114 76 101 110 103 116 104 32 45 32 49 41 32 43 32 34 58 32 34 41 59 
9 9 105 110 100 101 120 32 61 32 115 99 97 110 46 110 101 120 116 73 110 116 40 41 59 
9 9 83 121 115 116 101 109 46 111 117 116 46 112 114 105 110 116 108 110 40 34 84 104 101 32 99 104 97 114 32 97 116 32 105 110 100 101 120 32 34 32 43 32 105 110 100 101 120 32 43 32 34 32 105 115 32 39 34 32 43 32 102 105 114 115 116 83 116 114 105 110 103 46 99 104 97 114 65 116 40 105 110 100 101 120 41 32 43 32 34 39 34 41 59 
9 9 115 99 97 110 46 110 101 120 116 76 105 110 101 40 41 59 
9 9 83 121 115 116 101 109 46 111 117 116 46 112 114 105 110 116 40 34 78 111 119 44 32 112 108 101 97 115 101 32 101 110 116 101 114 32 121 111 117 114 32 110 97 109 101 32 97 110 100 32 73 32 119 105 108 108 32 114 101 118 101 114 115 101 32 105 116 32 102 111 114 32 121 111 117 58 32 34 41 59 
9 9 115 116 114 105 110 103 78 97 109 101 32 61 32 115 99 97 110 46 110 101 120 116 40 41 59 
9 9 
9 9 102 111 114 32 40 105 110 116 32 105 32 61 32 115 116 114 105 110 103 78 97 109 101 46 108 101 110 103 116 104 40 41 32 45 32 49 59 32 105 32 62 61 32 48 59 32 105 45 45 41 
9 9 123 
9 9 9 110 97 109 101 82 101 118 101 114 101 100 32 43 61 32 115 116 114 105 110 103 78 97 109 101 46 99 104 97 114 65 116 40 105 41 59 
9 9 125 
9 9 83 121 115 116 101 109 46 111 117 116 46 112 114 105 110 116 108 110 40 115 116 114 105 110 103 78 97 109 101 32 43 32 34 32 60 61 61 62 32 34 32 43 32 32 110 97 109 101 82 101 118 101 114 101 100 41 59 
9 9 
9 9 83 121 115 116 101 109 46 111 117 116 46 112 114 105 110 116 108 110 40 34 69 110 100 32 111 102 32 116 104 101 32 112 114 111 103 114 97 109 33 34 41 59 
9 9 
9 9 115 99 97 110 46 99 108 111 115 101 40 41 59 
9 125 
125 
