47 42 72 73 68 69 42 47 
105 109 112 111 114 116 32 106 97 118 97 46 117 116 105 108 46 83 99 97 110 110 101 114 59 

112 117 98 108 105 99 32 99 108 97 115 115 32 74 97 118 97 48 48 50 
123 
9 112 117 98 108 105 99 32 115 116 97 116 105 99 32 118 111 105 100 32 109 97 105 110 40 83 116 114 105 110 103 91 93 32 97 114 103 115 41 
9 123 
9 9 83 99 97 110 110 101 114 32 115 99 97 110 32 61 32 110 101 119 32 83 99 97 110 110 101 114 40 83 121 115 116 101 109 46 105 110 41 59 
9 9 
9 9 83 121 115 116 101 109 46 111 117 116 46 112 114 105 110 116 108 110 40 34 84 104 105 115 32 112 114 111 103 114 97 109 32 114 101 112 101 97 116 115 32 97 32 115 101 110 116 101 110 99 101 32 97 115 32 109 97 110 121 32 116 105 109 101 115 32 121 111 117 32 119 97 110 116 46 34 41 59 
9 9 83 121 115 116 101 109 46 111 117 116 46 112 114 105 110 116 40 34 69 110 116 101 114 32 116 104 101 32 110 117 109 98 101 114 32 111 102 32 116 105 109 101 115 32 121 111 117 32 119 97 110 116 32 121 111 117 114 32 115 101 110 116 101 110 99 101 32 116 111 32 98 101 32 114 101 112 101 97 116 101 100 58 32 34 41 59 
9 9 105 110 116 32 115 105 122 101 32 61 32 115 99 97 110 46 110 101 120 116 73 110 116 40 41 59 
9 9 115 99 97 110 46 110 101 120 116 76 105 110 101 40 41 59 47 47 103 101 116 115 32 114 105 100 32 111 102 32 92 110 32 115 105 110 99 101 32 119 101 32 104 97 118 101 53 32 106 117 115 116 32 117 115 101 100 32 110 101 120 116 73 110 116 
9 9 
9 9 83 121 115 116 101 109 46 111 117 116 46 112 114 105 110 116 40 34 69 110 116 101 114 32 116 104 101 32 115 101 110 116 101 110 99 101 32 116 111 32 98 101 32 114 101 112 101 97 116 101 100 32 34 32 43 32 115 105 122 101 32 43 32 34 32 116 105 109 101 40 115 41 58 32 34 41 59 
9 9 83 116 114 105 110 103 32 115 101 110 116 101 110 99 101 32 61 32 115 99 97 110 46 110 101 120 116 76 105 110 101 40 41 59 
9 9 
9 9 102 111 114 32 40 105 110 116 32 105 32 61 32 49 59 32 105 32 60 61 32 115 105 122 101 59 32 105 43 43 41 
9 9 123 
9 9 9 83 121 115 116 101 109 46 111 117 116 46 112 114 105 110 116 108 110 40 105 32 43 32 32 34 32 92 34 34 32 43 32 115 101 110 116 101 110 99 101 32 43 32 34 92 34 34 41 59 
9 9 125 
9 9 
9 9 83 121 115 116 101 109 46 111 117 116 46 112 114 105 110 116 108 110 40 34 92 110 84 104 101 32 102 111 108 108 111 119 105 110 103 32 97 115 116 101 114 105 115 107 115 32 114 101 112 114 101 115 101 110 116 32 101 97 99 104 32 116 105 109 101 32 121 111 117 114 32 115 101 110 116 101 110 99 101 32 105 115 32 114 101 112 101 97 116 101 100 34 41 59 
9 9 
9 9 102 111 114 32 40 105 110 116 32 105 32 61 32 49 59 32 105 32 60 61 32 115 105 122 101 59 32 105 43 43 41 
9 9 123 
9 9 9 83 121 115 116 101 109 46 111 117 116 46 112 114 105 110 116 40 34 42 34 41 59 
9 9 125 
9 9 
9 9 83 121 115 116 101 109 46 111 117 116 46 112 114 105 110 116 108 110 40 34 92 110 92 110 76 101 116 39 115 32 100 111 32 116 104 105 115 32 97 103 97 105 110 32 98 117 116 32 110 111 119 32 97 32 98 105 116 32 100 105 102 102 101 114 101 110 116 33 34 41 59 
9 9 83 121 115 116 101 109 46 111 117 116 46 112 114 105 110 116 40 34 69 110 116 101 114 32 116 104 101 32 110 117 109 98 101 114 32 111 102 32 116 105 109 101 115 32 102 111 108 108 111 119 101 100 32 98 121 32 116 104 101 32 115 101 110 116 101 110 99 101 32 116 111 32 98 101 32 114 101 112 101 97 116 101 100 58 32 34 41 59 
9 9 115 105 122 101 32 61 32 115 99 97 110 46 110 101 120 116 73 110 116 40 41 59 
9 9 115 101 110 116 101 110 99 101 32 61 32 115 99 97 110 46 110 101 120 116 76 105 110 101 40 41 59 
9 9 
9 9 102 111 114 32 40 105 110 116 32 105 32 61 32 49 59 32 105 32 60 61 32 115 105 122 101 59 32 105 43 43 41 
9 9 123 
9 9 9 83 121 115 116 101 109 46 111 117 116 46 112 114 105 110 116 108 110 40 105 32 43 32 32 34 32 92 34 34 32 43 32 115 101 110 116 101 110 99 101 32 43 32 34 92 34 34 41 59 
9 9 125 
9 9 
9 9 102 111 114 32 40 105 110 116 32 105 32 61 32 49 59 32 105 32 60 61 32 115 105 122 101 59 32 105 43 43 41 
9 9 123 
9 9 9 83 121 115 116 101 109 46 111 117 116 46 112 114 105 110 116 40 34 42 34 41 59 
9 9 125 
9 9 83 121 115 116 101 109 46 111 117 116 46 112 114 105 110 116 108 110 40 34 92 110 92 110 69 110 100 32 111 102 32 116 104 101 32 112 114 111 114 97 109 33 92 110 84 104 97 110 107 32 121 111 117 32 102 111 114 32 117 115 105 110 103 32 116 104 105 115 32 115 105 109 112 108 101 32 112 114 111 103 114 97 109 33 34 41 59 
9 9 
9 9 
9 9 
9 9 
9 9 
9 9 115 99 97 110 46 99 108 111 115 101 40 41 59 
9 125 
125 
